z, cos(theta)
69.00000	-0.98000	0.00000
69.00000	-0.94000	0.00001
69.00000	-0.90000	0.00000
69.00000	-0.86000	0.00000
69.00000	-0.82000	0.00000
69.00000	-0.78000	0.00000
69.00000	-0.74000	0.00000
69.00000	-0.70000	0.00000
69.00000	-0.66000	0.00000
69.00000	-0.62000	0.00000
69.00000	-0.58000	0.00000
69.00000	-0.54000	0.00000
69.00000	-0.50000	0.00000
69.00000	-0.46000	0.00000
69.00000	-0.42000	0.00000
69.00000	-0.38000	0.00000
69.00000	-0.34000	0.00000
69.00000	-0.30000	0.00000
69.00000	-0.26000	0.00000
69.00000	-0.22000	0.00000
69.00000	-0.18000	0.00000
69.00000	-0.14000	0.00000
69.00000	-0.10000	0.00000
69.00000	-0.06000	0.00000
69.00000	-0.02000	0.00000
69.00000	0.02000	0.00000
69.00000	0.06000	0.00000
69.00000	0.10000	0.00000
69.00000	0.14000	0.00000
69.00000	0.18000	0.00000
69.00000	0.22000	0.00000
69.00000	0.26000	0.00000
69.00000	0.30000	0.00000
69.00000	0.34000	0.00000
69.00000	0.38000	0.00000
69.00000	0.42000	0.00000
69.00000	0.46000	0.00000
69.00000	0.50000	0.00000
69.00000	0.54000	0.00000
69.00000	0.58000	0.00000
69.00000	0.62000	0.00000
69.00000	0.66000	0.00000
69.00000	0.70000	0.00000
69.00000	0.74000	0.00000
69.00000	0.78000	0.00000
69.00000	0.82000	0.00000
69.00000	0.86000	0.00000
69.00000	0.90000	0.00000
69.00000	0.94000	0.00000
69.00000	0.98000	0.00000
71.00000	-0.98000	0.00001
71.00000	-0.94000	0.00001
71.00000	-0.90000	0.00001
71.00000	-0.86000	0.00001
71.00000	-0.82000	0.00000
71.00000	-0.78000	0.00000
71.00000	-0.74000	0.00000
71.00000	-0.70000	0.00002
71.00000	-0.66000	0.00001
71.00000	-0.62000	0.00000
71.00000	-0.58000	0.00000
71.00000	-0.54000	0.00000
71.00000	-0.50000	0.00000
71.00000	-0.46000	0.00000
71.00000	-0.42000	0.00001
71.00000	-0.38000	0.00000
71.00000	-0.34000	0.00000
71.00000	-0.30000	0.00000
71.00000	-0.26000	0.00000
71.00000	-0.22000	0.00000
71.00000	-0.18000	0.00000
71.00000	-0.14000	0.00000
71.00000	-0.10000	0.00000
71.00000	-0.06000	0.00000
71.00000	-0.02000	0.00000
71.00000	0.02000	0.00000
71.00000	0.06000	0.00000
71.00000	0.10000	0.00000
71.00000	0.14000	0.00000
71.00000	0.18000	0.00000
71.00000	0.22000	0.00000
71.00000	0.26000	0.00000
71.00000	0.30000	0.00000
71.00000	0.34000	0.00000
71.00000	0.38000	0.00000
71.00000	0.42000	0.00000
71.00000	0.46000	0.00000
71.00000	0.50000	0.00000
71.00000	0.54000	0.00000
71.00000	0.58000	0.00000
71.00000	0.62000	0.00000
71.00000	0.66000	0.00000
71.00000	0.70000	0.00000
71.00000	0.74000	0.00000
71.00000	0.78000	0.00000
71.00000	0.82000	0.00000
71.00000	0.86000	0.00000
71.00000	0.90000	0.00000
71.00000	0.94000	0.00000
71.00000	0.98000	0.00000
73.00000	-0.98000	0.00008
73.00000	-0.94000	0.00007
73.00000	-0.90000	0.00011
73.00000	-0.86000	0.00010
73.00000	-0.82000	0.00007
73.00000	-0.78000	0.00007
73.00000	-0.74000	0.00003
73.00000	-0.70000	0.00007
73.00000	-0.66000	0.00008
73.00000	-0.62000	0.00009
73.00000	-0.58000	0.00004
73.00000	-0.54000	0.00007
73.00000	-0.50000	0.00004
73.00000	-0.46000	0.00005
73.00000	-0.42000	0.00005
73.00000	-0.38000	0.00003
73.00000	-0.34000	0.00003
73.00000	-0.30000	0.00005
73.00000	-0.26000	0.00003
73.00000	-0.22000	0.00002
73.00000	-0.18000	0.00001
73.00000	-0.14000	0.00004
73.00000	-0.10000	0.00000
73.00000	-0.06000	0.00001
73.00000	-0.02000	0.00001
73.00000	0.02000	0.00000
73.00000	0.06000	0.00000
73.00000	0.10000	0.00002
73.00000	0.14000	0.00000
73.00000	0.18000	0.00000
73.00000	0.22000	0.00000
73.00000	0.26000	0.00000
73.00000	0.30000	0.00002
73.00000	0.34000	0.00000
73.00000	0.38000	0.00000
73.00000	0.42000	0.00000
73.00000	0.46000	0.00000
73.00000	0.50000	0.00000
73.00000	0.54000	0.00000
73.00000	0.58000	0.00000
73.00000	0.62000	0.00000
73.00000	0.66000	0.00000
73.00000	0.70000	0.00000
73.00000	0.74000	0.00000
73.00000	0.78000	0.00000
73.00000	0.82000	0.00000
73.00000	0.86000	0.00000
73.00000	0.90000	0.00000
73.00000	0.94000	0.00000
73.00000	0.98000	0.00000
75.00000	-0.98000	0.00112
75.00000	-0.94000	0.00109
75.00000	-0.90000	0.00118
75.00000	-0.86000	0.00114
75.00000	-0.82000	0.00113
75.00000	-0.78000	0.00077
75.00000	-0.74000	0.00078
75.00000	-0.70000	0.00078
75.00000	-0.66000	0.00076
75.00000	-0.62000	0.00076
75.00000	-0.58000	0.00075
75.00000	-0.54000	0.00065
75.00000	-0.50000	0.00066
75.00000	-0.46000	0.00040
75.00000	-0.42000	0.00050
75.00000	-0.38000	0.00051
75.00000	-0.34000	0.00043
75.00000	-0.30000	0.00030
75.00000	-0.26000	0.00041
75.00000	-0.22000	0.00028
75.00000	-0.18000	0.00023
75.00000	-0.14000	0.00015
75.00000	-0.10000	0.00029
75.00000	-0.06000	0.00025
75.00000	-0.02000	0.00013
75.00000	0.02000	0.00012
75.00000	0.06000	0.00012
75.00000	0.10000	0.00014
75.00000	0.14000	0.00012
75.00000	0.18000	0.00007
75.00000	0.22000	0.00005
75.00000	0.26000	0.00002
75.00000	0.30000	0.00006
75.00000	0.34000	0.00007
75.00000	0.38000	0.00006
75.00000	0.42000	0.00003
75.00000	0.46000	0.00005
75.00000	0.50000	0.00001
75.00000	0.54000	0.00002
75.00000	0.58000	0.00001
75.00000	0.62000	0.00001
75.00000	0.66000	0.00000
75.00000	0.70000	0.00000
75.00000	0.74000	0.00000
75.00000	0.78000	0.00000
75.00000	0.82000	0.00000
75.00000	0.86000	0.00000
75.00000	0.90000	0.00000
75.00000	0.94000	0.00000
75.00000	0.98000	0.00000
77.00000	-0.98000	0.00751
77.00000	-0.94000	0.00674
77.00000	-0.90000	0.00700
77.00000	-0.86000	0.00635
77.00000	-0.82000	0.00581
77.00000	-0.78000	0.00546
77.00000	-0.74000	0.00525
77.00000	-0.70000	0.00493
77.00000	-0.66000	0.00493
77.00000	-0.62000	0.00442
77.00000	-0.58000	0.00438
77.00000	-0.54000	0.00396
77.00000	-0.50000	0.00365
77.00000	-0.46000	0.00348
77.00000	-0.42000	0.00335
77.00000	-0.38000	0.00314
77.00000	-0.34000	0.00280
77.00000	-0.30000	0.00289
77.00000	-0.26000	0.00264
77.00000	-0.22000	0.00228
77.00000	-0.18000	0.00201
77.00000	-0.14000	0.00209
77.00000	-0.10000	0.00176
77.00000	-0.06000	0.00138
77.00000	-0.02000	0.00148
77.00000	0.02000	0.00116
77.00000	0.06000	0.00111
77.00000	0.10000	0.00101
77.00000	0.14000	0.00089
77.00000	0.18000	0.00077
77.00000	0.22000	0.00072
77.00000	0.26000	0.00068
77.00000	0.30000	0.00051
77.00000	0.34000	0.00050
77.00000	0.38000	0.00054
77.00000	0.42000	0.00043
77.00000	0.46000	0.00019
77.00000	0.50000	0.00029
77.00000	0.54000	0.00015
77.00000	0.58000	0.00016
77.00000	0.62000	0.00021
77.00000	0.66000	0.00012
77.00000	0.70000	0.00007
77.00000	0.74000	0.00008
77.00000	0.78000	0.00007
77.00000	0.82000	0.00003
77.00000	0.86000	0.00003
77.00000	0.90000	0.00003
77.00000	0.94000	0.00001
77.00000	0.98000	0.00000
79.00000	-0.98000	0.02285
79.00000	-0.94000	0.02271
79.00000	-0.90000	0.02138
79.00000	-0.86000	0.01999
79.00000	-0.82000	0.01881
79.00000	-0.78000	0.01808
79.00000	-0.74000	0.01757
79.00000	-0.70000	0.01609
79.00000	-0.66000	0.01585
79.00000	-0.62000	0.01497
79.00000	-0.58000	0.01388
79.00000	-0.54000	0.01275
79.00000	-0.50000	0.01205
79.00000	-0.46000	0.01153
79.00000	-0.42000	0.01123
79.00000	-0.38000	0.01061
79.00000	-0.34000	0.01044
79.00000	-0.30000	0.00974
79.00000	-0.26000	0.00922
79.00000	-0.22000	0.00898
79.00000	-0.18000	0.00843
79.00000	-0.14000	0.00710
79.00000	-0.10000	0.00713
79.00000	-0.06000	0.00602
79.00000	-0.02000	0.00608
79.00000	0.02000	0.00575
79.00000	0.06000	0.00547
79.00000	0.10000	0.00505
79.00000	0.14000	0.00444
79.00000	0.18000	0.00426
79.00000	0.22000	0.00386
79.00000	0.26000	0.00343
79.00000	0.30000	0.00326
79.00000	0.34000	0.00254
79.00000	0.38000	0.00233
79.00000	0.42000	0.00214
79.00000	0.46000	0.00205
79.00000	0.50000	0.00164
79.00000	0.54000	0.00149
79.00000	0.58000	0.00143
79.00000	0.62000	0.00085
79.00000	0.66000	0.00112
79.00000	0.70000	0.00081
79.00000	0.74000	0.00059
79.00000	0.78000	0.00052
79.00000	0.82000	0.00030
79.00000	0.86000	0.00035
79.00000	0.90000	0.00025
79.00000	0.94000	0.00028
79.00000	0.98000	0.00007
81.00000	-0.98000	0.03493
81.00000	-0.94000	0.03217
81.00000	-0.90000	0.03153
81.00000	-0.86000	0.02993
81.00000	-0.82000	0.02907
81.00000	-0.78000	0.02740
81.00000	-0.74000	0.02611
81.00000	-0.70000	0.02551
81.00000	-0.66000	0.02486
81.00000	-0.62000	0.02367
81.00000	-0.58000	0.02195
81.00000	-0.54000	0.02108
81.00000	-0.50000	0.02105
81.00000	-0.46000	0.01936
81.00000	-0.42000	0.01847
81.00000	-0.38000	0.01821
81.00000	-0.34000	0.01781
81.00000	-0.30000	0.01690
81.00000	-0.26000	0.01628
81.00000	-0.22000	0.01463
81.00000	-0.18000	0.01451
81.00000	-0.14000	0.01431
81.00000	-0.10000	0.01296
81.00000	-0.06000	0.01292
81.00000	-0.02000	0.01205
81.00000	0.02000	0.01159
81.00000	0.06000	0.01045
81.00000	0.10000	0.01004
81.00000	0.14000	0.01000
81.00000	0.18000	0.00884
81.00000	0.22000	0.00832
81.00000	0.26000	0.00762
81.00000	0.30000	0.00674
81.00000	0.34000	0.00658
81.00000	0.38000	0.00604
81.00000	0.42000	0.00580
81.00000	0.46000	0.00517
81.00000	0.50000	0.00466
81.00000	0.54000	0.00417
81.00000	0.58000	0.00402
81.00000	0.62000	0.00325
81.00000	0.66000	0.00282
81.00000	0.70000	0.00228
81.00000	0.74000	0.00195
81.00000	0.78000	0.00162
81.00000	0.82000	0.00141
81.00000	0.86000	0.00119
81.00000	0.90000	0.00095
81.00000	0.94000	0.00069
81.00000	0.98000	0.00052
83.00000	-0.98000	0.02569
83.00000	-0.94000	0.02484
83.00000	-0.90000	0.02402
83.00000	-0.86000	0.02335
83.00000	-0.82000	0.02201
83.00000	-0.78000	0.02068
83.00000	-0.74000	0.02049
83.00000	-0.70000	0.01993
83.00000	-0.66000	0.02028
83.00000	-0.62000	0.01989
83.00000	-0.58000	0.01830
83.00000	-0.54000	0.01822
83.00000	-0.50000	0.01646
83.00000	-0.46000	0.01637
83.00000	-0.42000	0.01636
83.00000	-0.38000	0.01535
83.00000	-0.34000	0.01507
83.00000	-0.30000	0.01476
83.00000	-0.26000	0.01459
83.00000	-0.22000	0.01403
83.00000	-0.18000	0.01318
83.00000	-0.14000	0.01229
83.00000	-0.10000	0.01255
83.00000	-0.06000	0.01158
83.00000	-0.02000	0.01172
83.00000	0.02000	0.01080
83.00000	0.06000	0.01120
83.00000	0.10000	0.01011
83.00000	0.14000	0.00988
83.00000	0.18000	0.00955
83.00000	0.22000	0.00939
83.00000	0.26000	0.00897
83.00000	0.30000	0.00828
83.00000	0.34000	0.00797
83.00000	0.38000	0.00749
83.00000	0.42000	0.00675
83.00000	0.46000	0.00661
83.00000	0.50000	0.00609
83.00000	0.54000	0.00598
83.00000	0.58000	0.00565
83.00000	0.62000	0.00496
83.00000	0.66000	0.00475
83.00000	0.70000	0.00424
83.00000	0.74000	0.00364
83.00000	0.78000	0.00339
83.00000	0.82000	0.00284
83.00000	0.86000	0.00230
83.00000	0.90000	0.00214
83.00000	0.94000	0.00182
83.00000	0.98000	0.00164
85.00000	-0.98000	0.01500
85.00000	-0.94000	0.01479
85.00000	-0.90000	0.01431
85.00000	-0.86000	0.01415
85.00000	-0.82000	0.01367
85.00000	-0.78000	0.01363
85.00000	-0.74000	0.01412
85.00000	-0.70000	0.01357
85.00000	-0.66000	0.01328
85.00000	-0.62000	0.01309
85.00000	-0.58000	0.01202
85.00000	-0.54000	0.01175
85.00000	-0.50000	0.01225
85.00000	-0.46000	0.01188
85.00000	-0.42000	0.01101
85.00000	-0.38000	0.01096
85.00000	-0.34000	0.01043
85.00000	-0.30000	0.01038
85.00000	-0.26000	0.01030
85.00000	-0.22000	0.01005
85.00000	-0.18000	0.00996
85.00000	-0.14000	0.00983
85.00000	-0.10000	0.00921
85.00000	-0.06000	0.00933
85.00000	-0.02000	0.00854
85.00000	0.02000	0.00853
85.00000	0.06000	0.00828
85.00000	0.10000	0.00820
85.00000	0.14000	0.00788
85.00000	0.18000	0.00741
85.00000	0.22000	0.00699
85.00000	0.26000	0.00735
85.00000	0.30000	0.00697
85.00000	0.34000	0.00663
85.00000	0.38000	0.00658
85.00000	0.42000	0.00635
85.00000	0.46000	0.00576
85.00000	0.50000	0.00578
85.00000	0.54000	0.00587
85.00000	0.58000	0.00553
85.00000	0.62000	0.00524
85.00000	0.66000	0.00456
85.00000	0.70000	0.00461
85.00000	0.74000	0.00434
85.00000	0.78000	0.00396
85.00000	0.82000	0.00409
85.00000	0.86000	0.00337
85.00000	0.90000	0.00320
85.00000	0.94000	0.00305
85.00000	0.98000	0.00276
87.00000	-0.98000	0.01213
87.00000	-0.94000	0.01203
87.00000	-0.90000	0.01215
87.00000	-0.86000	0.01197
87.00000	-0.82000	0.01120
87.00000	-0.78000	0.01151
87.00000	-0.74000	0.01132
87.00000	-0.70000	0.01119
87.00000	-0.66000	0.01135
87.00000	-0.62000	0.01152
87.00000	-0.58000	0.01094
87.00000	-0.54000	0.01033
87.00000	-0.50000	0.01060
87.00000	-0.46000	0.01080
87.00000	-0.42000	0.01060
87.00000	-0.38000	0.01038
87.00000	-0.34000	0.00989
87.00000	-0.30000	0.01012
87.00000	-0.26000	0.00980
87.00000	-0.22000	0.01010
87.00000	-0.18000	0.00965
87.00000	-0.14000	0.00870
87.00000	-0.10000	0.00893
87.00000	-0.06000	0.00880
87.00000	-0.02000	0.00844
87.00000	0.02000	0.00858
87.00000	0.06000	0.00813
87.00000	0.10000	0.00817
87.00000	0.14000	0.00816
87.00000	0.18000	0.00782
87.00000	0.22000	0.00789
87.00000	0.26000	0.00756
87.00000	0.30000	0.00739
87.00000	0.34000	0.00750
87.00000	0.38000	0.00729
87.00000	0.42000	0.00671
87.00000	0.46000	0.00662
87.00000	0.50000	0.00666
87.00000	0.54000	0.00670
87.00000	0.58000	0.00644
87.00000	0.62000	0.00639
87.00000	0.66000	0.00632
87.00000	0.70000	0.00609
87.00000	0.74000	0.00566
87.00000	0.78000	0.00576
87.00000	0.82000	0.00518
87.00000	0.86000	0.00521
87.00000	0.90000	0.00490
87.00000	0.94000	0.00443
87.00000	0.98000	0.00445
89.00000	-0.98000	0.01170
89.00000	-0.94000	0.01146
89.00000	-0.90000	0.01132
89.00000	-0.86000	0.01134
89.00000	-0.82000	0.01130
89.00000	-0.78000	0.01141
89.00000	-0.74000	0.01063
89.00000	-0.70000	0.01147
89.00000	-0.66000	0.01131
89.00000	-0.62000	0.01127
89.00000	-0.58000	0.01099
89.00000	-0.54000	0.01058
89.00000	-0.50000	0.01104
89.00000	-0.46000	0.01007
89.00000	-0.42000	0.01047
89.00000	-0.38000	0.01080
89.00000	-0.34000	0.01076
89.00000	-0.30000	0.01071
89.00000	-0.26000	0.01042
89.00000	-0.22000	0.01044
89.00000	-0.18000	0.00943
89.00000	-0.14000	0.00967
89.00000	-0.10000	0.00993
89.00000	-0.06000	0.00901
89.00000	-0.02000	0.00972
89.00000	0.02000	0.00990
89.00000	0.06000	0.00986
89.00000	0.10000	0.00910
89.00000	0.14000	0.00933
89.00000	0.18000	0.00910
89.00000	0.22000	0.00926
89.00000	0.26000	0.00866
89.00000	0.30000	0.00856
89.00000	0.34000	0.00869
89.00000	0.38000	0.00850
89.00000	0.42000	0.00858
89.00000	0.46000	0.00865
89.00000	0.50000	0.00848
89.00000	0.54000	0.00865
89.00000	0.58000	0.00826
89.00000	0.62000	0.00795
89.00000	0.66000	0.00814
89.00000	0.70000	0.00837
89.00000	0.74000	0.00770
89.00000	0.78000	0.00771
89.00000	0.82000	0.00718
89.00000	0.86000	0.00779
89.00000	0.90000	0.00702
89.00000	0.94000	0.00734
89.00000	0.98000	0.00632
91.00000	-0.98000	0.01264
91.00000	-0.94000	0.01168
91.00000	-0.90000	0.01152
91.00000	-0.86000	0.01201
91.00000	-0.82000	0.01135
91.00000	-0.78000	0.01115
91.00000	-0.74000	0.01151
91.00000	-0.70000	0.01103
91.00000	-0.66000	0.01065
91.00000	-0.62000	0.01136
91.00000	-0.58000	0.01148
91.00000	-0.54000	0.01127
91.00000	-0.50000	0.01096
91.00000	-0.46000	0.01099
91.00000	-0.42000	0.01118
91.00000	-0.38000	0.01089
91.00000	-0.34000	0.01042
91.00000	-0.30000	0.01128
91.00000	-0.26000	0.01211
91.00000	-0.22000	0.01159
91.00000	-0.18000	0.01118
91.00000	-0.14000	0.01140
91.00000	-0.10000	0.01046
91.00000	-0.06000	0.01160
91.00000	-0.02000	0.01094
91.00000	0.02000	0.01060
91.00000	0.06000	0.01021
91.00000	0.10000	0.01035
91.00000	0.14000	0.00994
91.00000	0.18000	0.01093
91.00000	0.22000	0.01024
91.00000	0.26000	0.01048
91.00000	0.30000	0.01025
91.00000	0.34000	0.01017
91.00000	0.38000	0.01029
91.00000	0.42000	0.01003
91.00000	0.46000	0.00993
91.00000	0.50000	0.00992
91.00000	0.54000	0.01013
91.00000	0.58000	0.01043
91.00000	0.62000	0.00986
91.00000	0.66000	0.01019
91.00000	0.70000	0.00995
91.00000	0.74000	0.00966
91.00000	0.78000	0.00976
91.00000	0.82000	0.00958
91.00000	0.86000	0.01037
91.00000	0.90000	0.00921
91.00000	0.94000	0.00924
91.00000	0.98000	0.00952
93.00000	-0.98000	0.01303
93.00000	-0.94000	0.01185
93.00000	-0.90000	0.01179
93.00000	-0.86000	0.01185
93.00000	-0.82000	0.01244
93.00000	-0.78000	0.01257
93.00000	-0.74000	0.01155
93.00000	-0.70000	0.01224
93.00000	-0.66000	0.01168
93.00000	-0.62000	0.01223
93.00000	-0.58000	0.01192
93.00000	-0.54000	0.01234
93.00000	-0.50000	0.01160
93.00000	-0.46000	0.01195
93.00000	-0.42000	0.01160
93.00000	-0.38000	0.01212
93.00000	-0.34000	0.01254
93.00000	-0.30000	0.01224
93.00000	-0.26000	0.01248
93.00000	-0.22000	0.01229
93.00000	-0.18000	0.01174
93.00000	-0.14000	0.01236
93.00000	-0.10000	0.01155
93.00000	-0.06000	0.01145
93.00000	-0.02000	0.01128
93.00000	0.02000	0.01220
93.00000	0.06000	0.01147
93.00000	0.10000	0.01185
93.00000	0.14000	0.01153
93.00000	0.18000	0.01134
93.00000	0.22000	0.01129
93.00000	0.26000	0.01160
93.00000	0.30000	0.01160
93.00000	0.34000	0.01105
93.00000	0.38000	0.01167
93.00000	0.42000	0.01118
93.00000	0.46000	0.01155
93.00000	0.50000	0.01110
93.00000	0.54000	0.01142
93.00000	0.58000	0.01153
93.00000	0.62000	0.01115
93.00000	0.66000	0.01140
93.00000	0.70000	0.01061
93.00000	0.74000	0.01152
93.00000	0.78000	0.01098
93.00000	0.82000	0.01110
93.00000	0.86000	0.01148
93.00000	0.90000	0.01215
93.00000	0.94000	0.01115
93.00000	0.98000	0.01103
95.00000	-0.98000	0.01309
95.00000	-0.94000	0.01304
95.00000	-0.90000	0.01217
95.00000	-0.86000	0.01246
95.00000	-0.82000	0.01281
95.00000	-0.78000	0.01174
95.00000	-0.74000	0.01302
95.00000	-0.70000	0.01232
95.00000	-0.66000	0.01163
95.00000	-0.62000	0.01228
95.00000	-0.58000	0.01198
95.00000	-0.54000	0.01180
95.00000	-0.50000	0.01304
95.00000	-0.46000	0.01260
95.00000	-0.42000	0.01204
95.00000	-0.38000	0.01244
95.00000	-0.34000	0.01199
95.00000	-0.30000	0.01271
95.00000	-0.26000	0.01201
95.00000	-0.22000	0.01310
95.00000	-0.18000	0.01287
95.00000	-0.14000	0.01218
95.00000	-0.10000	0.01266
95.00000	-0.06000	0.01255
95.00000	-0.02000	0.01314
95.00000	0.02000	0.01314
95.00000	0.06000	0.01242
95.00000	0.10000	0.01204
95.00000	0.14000	0.01262
95.00000	0.18000	0.01213
95.00000	0.22000	0.01232
95.00000	0.26000	0.01279
95.00000	0.30000	0.01249
95.00000	0.34000	0.01300
95.00000	0.38000	0.01243
95.00000	0.42000	0.01249
95.00000	0.46000	0.01206
95.00000	0.50000	0.01249
95.00000	0.54000	0.01229
95.00000	0.58000	0.01250
95.00000	0.62000	0.01251
95.00000	0.66000	0.01304
95.00000	0.70000	0.01326
95.00000	0.74000	0.01225
95.00000	0.78000	0.01256
95.00000	0.82000	0.01288
95.00000	0.86000	0.01268
95.00000	0.90000	0.01340
95.00000	0.94000	0.01354
95.00000	0.98000	0.01288
97.00000	-0.98000	0.01382
97.00000	-0.94000	0.01291
97.00000	-0.90000	0.01308
97.00000	-0.86000	0.01251
97.00000	-0.82000	0.01254
97.00000	-0.78000	0.01232
97.00000	-0.74000	0.01288
97.00000	-0.70000	0.01234
97.00000	-0.66000	0.01287
97.00000	-0.62000	0.01244
97.00000	-0.58000	0.01264
97.00000	-0.54000	0.01251
97.00000	-0.50000	0.01325
97.00000	-0.46000	0.01236
97.00000	-0.42000	0.01263
97.00000	-0.38000	0.01267
97.00000	-0.34000	0.01249
97.00000	-0.30000	0.01368
97.00000	-0.26000	0.01296
97.00000	-0.22000	0.01300
97.00000	-0.18000	0.01428
97.00000	-0.14000	0.01282
97.00000	-0.10000	0.01384
97.00000	-0.06000	0.01347
97.00000	-0.02000	0.01335
97.00000	0.02000	0.01313
97.00000	0.06000	0.01347
97.00000	0.10000	0.01373
97.00000	0.14000	0.01388
97.00000	0.18000	0.01345
97.00000	0.22000	0.01354
97.00000	0.26000	0.01380
97.00000	0.30000	0.01379
97.00000	0.34000	0.01369
97.00000	0.38000	0.01400
97.00000	0.42000	0.01400
97.00000	0.46000	0.01341
97.00000	0.50000	0.01375
97.00000	0.54000	0.01485
97.00000	0.58000	0.01451
97.00000	0.62000	0.01443
97.00000	0.66000	0.01479
97.00000	0.70000	0.01392
97.00000	0.74000	0.01416
97.00000	0.78000	0.01454
97.00000	0.82000	0.01457
97.00000	0.86000	0.01466
97.00000	0.90000	0.01440
97.00000	0.94000	0.01482
97.00000	0.98000	0.01515
99.00000	-0.98000	0.01251
99.00000	-0.94000	0.01297
99.00000	-0.90000	0.01258
99.00000	-0.86000	0.01261
99.00000	-0.82000	0.01235
99.00000	-0.78000	0.01251
99.00000	-0.74000	0.01250
99.00000	-0.70000	0.01335
99.00000	-0.66000	0.01319
99.00000	-0.62000	0.01232
99.00000	-0.58000	0.01219
99.00000	-0.54000	0.01202
99.00000	-0.50000	0.01289
99.00000	-0.46000	0.01219
99.00000	-0.42000	0.01315
99.00000	-0.38000	0.01197
99.00000	-0.34000	0.01209
99.00000	-0.30000	0.01312
99.00000	-0.26000	0.01226
99.00000	-0.22000	0.01330
99.00000	-0.18000	0.01268
99.00000	-0.14000	0.01256
99.00000	-0.10000	0.01308
99.00000	-0.06000	0.01259
99.00000	-0.02000	0.01271
99.00000	0.02000	0.01320
99.00000	0.06000	0.01363
99.00000	0.10000	0.01393
99.00000	0.14000	0.01388
99.00000	0.18000	0.01316
99.00000	0.22000	0.01314
99.00000	0.26000	0.01354
99.00000	0.30000	0.01405
99.00000	0.34000	0.01437
99.00000	0.38000	0.01371
99.00000	0.42000	0.01479
99.00000	0.46000	0.01381
99.00000	0.50000	0.01423
99.00000	0.54000	0.01434
99.00000	0.58000	0.01457
99.00000	0.62000	0.01505
99.00000	0.66000	0.01495
99.00000	0.70000	0.01483
99.00000	0.74000	0.01490
99.00000	0.78000	0.01544
99.00000	0.82000	0.01538
99.00000	0.86000	0.01434
99.00000	0.90000	0.01521
99.00000	0.94000	0.01452
99.00000	0.98000	0.01402
101.00000	-0.98000	0.01292
101.00000	-0.94000	0.01332
101.00000	-0.90000	0.01358
101.00000	-0.86000	0.01309
101.00000	-0.82000	0.01234
101.00000	-0.78000	0.01316
101.00000	-0.74000	0.01272
101.00000	-0.70000	0.01365
101.00000	-0.66000	0.01417
101.00000	-0.62000	0.01382
101.00000	-0.58000	0.01320
101.00000	-0.54000	0.01342
101.00000	-0.50000	0.01314
101.00000	-0.46000	0.01325
101.00000	-0.42000	0.01404
101.00000	-0.38000	0.01326
101.00000	-0.34000	0.01355
101.00000	-0.30000	0.01371
101.00000	-0.26000	0.01324
101.00000	-0.22000	0.01264
101.00000	-0.18000	0.01287
101.00000	-0.14000	0.01250
101.00000	-0.10000	0.01305
101.00000	-0.06000	0.01348
101.00000	-0.02000	0.01285
101.00000	0.02000	0.01337
101.00000	0.06000	0.01294
101.00000	0.10000	0.01307
101.00000	0.14000	0.01313
101.00000	0.18000	0.01270
101.00000	0.22000	0.01284
101.00000	0.26000	0.01201
101.00000	0.30000	0.01280
101.00000	0.34000	0.01282
101.00000	0.38000	0.01389
101.00000	0.42000	0.01367
101.00000	0.46000	0.01303
101.00000	0.50000	0.01319
101.00000	0.54000	0.01319
101.00000	0.58000	0.01345
101.00000	0.62000	0.01356
101.00000	0.66000	0.01320
101.00000	0.70000	0.01366
101.00000	0.74000	0.01382
101.00000	0.78000	0.01332
101.00000	0.82000	0.01321
101.00000	0.86000	0.01383
101.00000	0.90000	0.01404
101.00000	0.94000	0.01324
101.00000	0.98000	0.01379
103.00000	-0.98000	0.01349
103.00000	-0.94000	0.01412
103.00000	-0.90000	0.01414
103.00000	-0.86000	0.01368
103.00000	-0.82000	0.01388
103.00000	-0.78000	0.01352
103.00000	-0.74000	0.01410
103.00000	-0.70000	0.01370
103.00000	-0.66000	0.01357
103.00000	-0.62000	0.01329
103.00000	-0.58000	0.01357
103.00000	-0.54000	0.01409
103.00000	-0.50000	0.01318
103.00000	-0.46000	0.01379
103.00000	-0.42000	0.01396
103.00000	-0.38000	0.01380
103.00000	-0.34000	0.01429
103.00000	-0.30000	0.01401
103.00000	-0.26000	0.01419
103.00000	-0.22000	0.01375
103.00000	-0.18000	0.01397
103.00000	-0.14000	0.01352
103.00000	-0.10000	0.01318
103.00000	-0.06000	0.01403
103.00000	-0.02000	0.01393
103.00000	0.02000	0.01396
103.00000	0.06000	0.01375
103.00000	0.10000	0.01336
103.00000	0.14000	0.01259
103.00000	0.18000	0.01329
103.00000	0.22000	0.01344
103.00000	0.26000	0.01250
103.00000	0.30000	0.01239
103.00000	0.34000	0.01289
103.00000	0.38000	0.01270
103.00000	0.42000	0.01247
103.00000	0.46000	0.01285
103.00000	0.50000	0.01277
103.00000	0.54000	0.01270
103.00000	0.58000	0.01218
103.00000	0.62000	0.01263
103.00000	0.66000	0.01228
103.00000	0.70000	0.01313
103.00000	0.74000	0.01283
103.00000	0.78000	0.01269
103.00000	0.82000	0.01278
103.00000	0.86000	0.01260
103.00000	0.90000	0.01318
103.00000	0.94000	0.01305
103.00000	0.98000	0.01309
105.00000	-0.98000	0.01443
105.00000	-0.94000	0.01366
105.00000	-0.90000	0.01407
105.00000	-0.86000	0.01372
105.00000	-0.82000	0.01343
105.00000	-0.78000	0.01326
105.00000	-0.74000	0.01312
105.00000	-0.70000	0.01421
105.00000	-0.66000	0.01373
105.00000	-0.62000	0.01396
105.00000	-0.58000	0.01383
105.00000	-0.54000	0.01320
105.00000	-0.50000	0.01339
105.00000	-0.46000	0.01328
105.00000	-0.42000	0.01353
105.00000	-0.38000	0.01309
105.00000	-0.34000	0.01360
105.00000	-0.30000	0.01372
105.00000	-0.26000	0.01371
105.00000	-0.22000	0.01368
105.00000	-0.18000	0.01390
105.00000	-0.14000	0.01390
105.00000	-0.10000	0.01385
105.00000	-0.06000	0.01391
105.00000	-0.02000	0.01404
105.00000	0.02000	0.01413
105.00000	0.06000	0.01344
105.00000	0.10000	0.01382
105.00000	0.14000	0.01395
105.00000	0.18000	0.01329
105.00000	0.22000	0.01401
105.00000	0.26000	0.01317
105.00000	0.30000	0.01367
105.00000	0.34000	0.01329
105.00000	0.38000	0.01322
105.00000	0.42000	0.01368
105.00000	0.46000	0.01326
105.00000	0.50000	0.01321
105.00000	0.54000	0.01280
105.00000	0.58000	0.01302
105.00000	0.62000	0.01302
105.00000	0.66000	0.01257
105.00000	0.70000	0.01316
105.00000	0.74000	0.01294
105.00000	0.78000	0.01271
105.00000	0.82000	0.01266
105.00000	0.86000	0.01334
105.00000	0.90000	0.01277
105.00000	0.94000	0.01312
105.00000	0.98000	0.01292
107.00000	-0.98000	0.01290
107.00000	-0.94000	0.01282
107.00000	-0.90000	0.01257
107.00000	-0.86000	0.01244
107.00000	-0.82000	0.01278
107.00000	-0.78000	0.01272
107.00000	-0.74000	0.01208
107.00000	-0.70000	0.01302
107.00000	-0.66000	0.01284
107.00000	-0.62000	0.01223
107.00000	-0.58000	0.01225
107.00000	-0.54000	0.01223
107.00000	-0.50000	0.01256
107.00000	-0.46000	0.01241
107.00000	-0.42000	0.01254
107.00000	-0.38000	0.01243
107.00000	-0.34000	0.01223
107.00000	-0.30000	0.01213
107.00000	-0.26000	0.01235
107.00000	-0.22000	0.01313
107.00000	-0.18000	0.01249
107.00000	-0.14000	0.01310
107.00000	-0.10000	0.01230
107.00000	-0.06000	0.01242
107.00000	-0.02000	0.01257
107.00000	0.02000	0.01311
107.00000	0.06000	0.01303
107.00000	0.10000	0.01285
107.00000	0.14000	0.01313
107.00000	0.18000	0.01210
107.00000	0.22000	0.01296
107.00000	0.26000	0.01290
107.00000	0.30000	0.01211
107.00000	0.34000	0.01182
107.00000	0.38000	0.01273
107.00000	0.42000	0.01256
107.00000	0.46000	0.01328
107.00000	0.50000	0.01252
107.00000	0.54000	0.01261
107.00000	0.58000	0.01259
107.00000	0.62000	0.01272
107.00000	0.66000	0.01313
107.00000	0.70000	0.01284
107.00000	0.74000	0.01262
107.00000	0.78000	0.01278
107.00000	0.82000	0.01315
107.00000	0.86000	0.01226
107.00000	0.90000	0.01215
107.00000	0.94000	0.01186
107.00000	0.98000	0.01227
109.00000	-0.98000	0.01052
109.00000	-0.94000	0.01141
109.00000	-0.90000	0.01118
109.00000	-0.86000	0.00998
109.00000	-0.82000	0.01032
109.00000	-0.78000	0.01028
109.00000	-0.74000	0.01014
109.00000	-0.70000	0.01051
109.00000	-0.66000	0.01043
109.00000	-0.62000	0.01035
109.00000	-0.58000	0.01026
109.00000	-0.54000	0.01082
109.00000	-0.50000	0.01049
109.00000	-0.46000	0.01048
109.00000	-0.42000	0.01106
109.00000	-0.38000	0.01110
109.00000	-0.34000	0.01094
109.00000	-0.30000	0.01098
109.00000	-0.26000	0.01087
109.00000	-0.22000	0.01166
109.00000	-0.18000	0.01127
109.00000	-0.14000	0.01070
109.00000	-0.10000	0.01083
109.00000	-0.06000	0.01089
109.00000	-0.02000	0.01189
109.00000	0.02000	0.01152
109.00000	0.06000	0.01213
109.00000	0.10000	0.01203
109.00000	0.14000	0.01188
109.00000	0.18000	0.01160
109.00000	0.22000	0.01192
109.00000	0.26000	0.01173
109.00000	0.30000	0.01241
109.00000	0.34000	0.01224
109.00000	0.38000	0.01193
109.00000	0.42000	0.01196
109.00000	0.46000	0.01139
109.00000	0.50000	0.01231
109.00000	0.54000	0.01206
109.00000	0.58000	0.01215
109.00000	0.62000	0.01223
109.00000	0.66000	0.01213
109.00000	0.70000	0.01207
109.00000	0.74000	0.01194
109.00000	0.78000	0.01194
109.00000	0.82000	0.01162
109.00000	0.86000	0.01239
109.00000	0.90000	0.01239
109.00000	0.94000	0.01188
109.00000	0.98000	0.01174
111.00000	-0.98000	0.00812
111.00000	-0.94000	0.00747
111.00000	-0.90000	0.00750
111.00000	-0.86000	0.00760
111.00000	-0.82000	0.00759
111.00000	-0.78000	0.00760
111.00000	-0.74000	0.00770
111.00000	-0.70000	0.00796
111.00000	-0.66000	0.00765
111.00000	-0.62000	0.00788
111.00000	-0.58000	0.00790
111.00000	-0.54000	0.00788
111.00000	-0.50000	0.00821
111.00000	-0.46000	0.00806
111.00000	-0.42000	0.00771
111.00000	-0.38000	0.00772
111.00000	-0.34000	0.00840
111.00000	-0.30000	0.00888
111.00000	-0.26000	0.00867
111.00000	-0.22000	0.00784
111.00000	-0.18000	0.00888
111.00000	-0.14000	0.00896
111.00000	-0.10000	0.00902
111.00000	-0.06000	0.00952
111.00000	-0.02000	0.00978
111.00000	0.02000	0.00972
111.00000	0.06000	0.00992
111.00000	0.10000	0.01028
111.00000	0.14000	0.01027
111.00000	0.18000	0.01012
111.00000	0.22000	0.01040
111.00000	0.26000	0.01056
111.00000	0.30000	0.01030
111.00000	0.34000	0.01029
111.00000	0.38000	0.01085
111.00000	0.42000	0.01121
111.00000	0.46000	0.01090
111.00000	0.50000	0.01064
111.00000	0.54000	0.01078
111.00000	0.58000	0.01158
111.00000	0.62000	0.01062
111.00000	0.66000	0.01121
111.00000	0.70000	0.01128
111.00000	0.74000	0.01132
111.00000	0.78000	0.01048
111.00000	0.82000	0.01155
111.00000	0.86000	0.01135
111.00000	0.90000	0.01126
111.00000	0.94000	0.01181
111.00000	0.98000	0.01177
113.00000	-0.98000	0.00416
113.00000	-0.94000	0.00504
113.00000	-0.90000	0.00491
113.00000	-0.86000	0.00522
113.00000	-0.82000	0.00567
113.00000	-0.78000	0.00520
113.00000	-0.74000	0.00581
113.00000	-0.70000	0.00605
113.00000	-0.66000	0.00586
113.00000	-0.62000	0.00592
113.00000	-0.58000	0.00610
113.00000	-0.54000	0.00632
113.00000	-0.50000	0.00657
113.00000	-0.46000	0.00667
113.00000	-0.42000	0.00697
113.00000	-0.38000	0.00697
113.00000	-0.34000	0.00718
113.00000	-0.30000	0.00729
113.00000	-0.26000	0.00692
113.00000	-0.22000	0.00695
113.00000	-0.18000	0.00778
113.00000	-0.14000	0.00715
113.00000	-0.10000	0.00709
113.00000	-0.06000	0.00754
113.00000	-0.02000	0.00808
113.00000	0.02000	0.00775
113.00000	0.06000	0.00814
113.00000	0.10000	0.00847
113.00000	0.14000	0.00813
113.00000	0.18000	0.00813
113.00000	0.22000	0.00811
113.00000	0.26000	0.00967
113.00000	0.30000	0.00872
113.00000	0.34000	0.00974
113.00000	0.38000	0.00986
113.00000	0.42000	0.00933
113.00000	0.46000	0.00966
113.00000	0.50000	0.01021
113.00000	0.54000	0.01049
113.00000	0.58000	0.01069
113.00000	0.62000	0.01016
113.00000	0.66000	0.01093
113.00000	0.70000	0.01035
113.00000	0.74000	0.01104
113.00000	0.78000	0.01110
113.00000	0.82000	0.01094
113.00000	0.86000	0.01203
113.00000	0.90000	0.01135
113.00000	0.94000	0.01117
113.00000	0.98000	0.01194
115.00000	-0.98000	0.00271
115.00000	-0.94000	0.00294
115.00000	-0.90000	0.00326
115.00000	-0.86000	0.00355
115.00000	-0.82000	0.00421
115.00000	-0.78000	0.00398
115.00000	-0.74000	0.00452
115.00000	-0.70000	0.00486
115.00000	-0.66000	0.00509
115.00000	-0.62000	0.00530
115.00000	-0.58000	0.00559
115.00000	-0.54000	0.00585
115.00000	-0.50000	0.00607
115.00000	-0.46000	0.00618
115.00000	-0.42000	0.00651
115.00000	-0.38000	0.00670
115.00000	-0.34000	0.00674
115.00000	-0.30000	0.00703
115.00000	-0.26000	0.00694
115.00000	-0.22000	0.00713
115.00000	-0.18000	0.00727
115.00000	-0.14000	0.00796
115.00000	-0.10000	0.00800
115.00000	-0.06000	0.00837
115.00000	-0.02000	0.00821
115.00000	0.02000	0.00815
115.00000	0.06000	0.00878
115.00000	0.10000	0.00840
115.00000	0.14000	0.00880
115.00000	0.18000	0.00908
115.00000	0.22000	0.00893
115.00000	0.26000	0.00960
115.00000	0.30000	0.00987
115.00000	0.34000	0.00960
115.00000	0.38000	0.00974
115.00000	0.42000	0.01048
115.00000	0.46000	0.01103
115.00000	0.50000	0.01060
115.00000	0.54000	0.01144
115.00000	0.58000	0.01117
115.00000	0.62000	0.01165
115.00000	0.66000	0.01268
115.00000	0.70000	0.01229
115.00000	0.74000	0.01338
115.00000	0.78000	0.01324
115.00000	0.82000	0.01362
115.00000	0.86000	0.01387
115.00000	0.90000	0.01349
115.00000	0.94000	0.01381
115.00000	0.98000	0.01432
117.00000	-0.98000	0.00147
117.00000	-0.94000	0.00162
117.00000	-0.90000	0.00229
117.00000	-0.86000	0.00240
117.00000	-0.82000	0.00325
117.00000	-0.78000	0.00313
117.00000	-0.74000	0.00371
117.00000	-0.70000	0.00381
117.00000	-0.66000	0.00487
117.00000	-0.62000	0.00490
117.00000	-0.58000	0.00560
117.00000	-0.54000	0.00647
117.00000	-0.50000	0.00676
117.00000	-0.46000	0.00674
117.00000	-0.42000	0.00729
117.00000	-0.38000	0.00733
117.00000	-0.34000	0.00832
117.00000	-0.30000	0.00852
117.00000	-0.26000	0.00969
117.00000	-0.22000	0.00982
117.00000	-0.18000	0.00920
117.00000	-0.14000	0.00981
117.00000	-0.10000	0.01094
117.00000	-0.06000	0.01089
117.00000	-0.02000	0.01177
117.00000	0.02000	0.01151
117.00000	0.06000	0.01250
117.00000	0.10000	0.01289
117.00000	0.14000	0.01271
117.00000	0.18000	0.01402
117.00000	0.22000	0.01360
117.00000	0.26000	0.01391
117.00000	0.30000	0.01424
117.00000	0.34000	0.01518
117.00000	0.38000	0.01549
117.00000	0.42000	0.01641
117.00000	0.46000	0.01675
117.00000	0.50000	0.01722
117.00000	0.54000	0.01689
117.00000	0.58000	0.01830
117.00000	0.62000	0.01820
117.00000	0.66000	0.01919
117.00000	0.70000	0.01954
117.00000	0.74000	0.01995
117.00000	0.78000	0.02137
117.00000	0.82000	0.02174
117.00000	0.86000	0.02188
117.00000	0.90000	0.02313
117.00000	0.94000	0.02469
117.00000	0.98000	0.02411
119.00000	-0.98000	0.00064
119.00000	-0.94000	0.00067
119.00000	-0.90000	0.00101
119.00000	-0.86000	0.00108
119.00000	-0.82000	0.00124
119.00000	-0.78000	0.00158
119.00000	-0.74000	0.00207
119.00000	-0.70000	0.00256
119.00000	-0.66000	0.00306
119.00000	-0.62000	0.00316
119.00000	-0.58000	0.00386
119.00000	-0.54000	0.00365
119.00000	-0.50000	0.00454
119.00000	-0.46000	0.00529
119.00000	-0.42000	0.00585
119.00000	-0.38000	0.00579
119.00000	-0.34000	0.00669
119.00000	-0.30000	0.00688
119.00000	-0.26000	0.00753
119.00000	-0.22000	0.00834
119.00000	-0.18000	0.00939
119.00000	-0.14000	0.00967
119.00000	-0.10000	0.01006
119.00000	-0.06000	0.01092
119.00000	-0.02000	0.01198
119.00000	0.02000	0.01226
119.00000	0.06000	0.01314
119.00000	0.10000	0.01365
119.00000	0.14000	0.01382
119.00000	0.18000	0.01413
119.00000	0.22000	0.01566
119.00000	0.26000	0.01617
119.00000	0.30000	0.01695
119.00000	0.34000	0.01709
119.00000	0.38000	0.01798
119.00000	0.42000	0.01965
119.00000	0.46000	0.02012
119.00000	0.50000	0.02024
119.00000	0.54000	0.02095
119.00000	0.58000	0.02184
119.00000	0.62000	0.02301
119.00000	0.66000	0.02336
119.00000	0.70000	0.02468
119.00000	0.74000	0.02580
119.00000	0.78000	0.02806
119.00000	0.82000	0.02765
119.00000	0.86000	0.02960
119.00000	0.90000	0.03211
119.00000	0.94000	0.03348
119.00000	0.98000	0.03424
121.00000	-0.98000	0.00007
121.00000	-0.94000	0.00009
121.00000	-0.90000	0.00018
121.00000	-0.86000	0.00031
121.00000	-0.82000	0.00031
121.00000	-0.78000	0.00030
121.00000	-0.74000	0.00045
121.00000	-0.70000	0.00060
121.00000	-0.66000	0.00082
121.00000	-0.62000	0.00090
121.00000	-0.58000	0.00103
121.00000	-0.54000	0.00149
121.00000	-0.50000	0.00146
121.00000	-0.46000	0.00169
121.00000	-0.42000	0.00224
121.00000	-0.38000	0.00230
121.00000	-0.34000	0.00263
121.00000	-0.30000	0.00297
121.00000	-0.26000	0.00321
121.00000	-0.22000	0.00383
121.00000	-0.18000	0.00444
121.00000	-0.14000	0.00435
121.00000	-0.10000	0.00454
121.00000	-0.06000	0.00538
121.00000	-0.02000	0.00604
121.00000	0.02000	0.00654
121.00000	0.06000	0.00633
121.00000	0.10000	0.00698
121.00000	0.14000	0.00739
121.00000	0.18000	0.00823
121.00000	0.22000	0.00870
121.00000	0.26000	0.00936
121.00000	0.30000	0.01000
121.00000	0.34000	0.01007
121.00000	0.38000	0.01068
121.00000	0.42000	0.01168
121.00000	0.46000	0.01200
121.00000	0.50000	0.01313
121.00000	0.54000	0.01313
121.00000	0.58000	0.01375
121.00000	0.62000	0.01607
121.00000	0.66000	0.01581
121.00000	0.70000	0.01628
121.00000	0.74000	0.01720
121.00000	0.78000	0.01776
121.00000	0.82000	0.02005
121.00000	0.86000	0.02077
121.00000	0.90000	0.02098
121.00000	0.94000	0.02165
121.00000	0.98000	0.02348
123.00000	-0.98000	0.00000
123.00000	-0.94000	0.00003
123.00000	-0.90000	0.00003
123.00000	-0.86000	0.00001
123.00000	-0.82000	0.00003
123.00000	-0.78000	0.00006
123.00000	-0.74000	0.00011
123.00000	-0.70000	0.00003
123.00000	-0.66000	0.00011
123.00000	-0.62000	0.00013
123.00000	-0.58000	0.00017
123.00000	-0.54000	0.00020
123.00000	-0.50000	0.00022
123.00000	-0.46000	0.00030
123.00000	-0.42000	0.00035
123.00000	-0.38000	0.00048
123.00000	-0.34000	0.00043
123.00000	-0.30000	0.00049
123.00000	-0.26000	0.00061
123.00000	-0.22000	0.00073
123.00000	-0.18000	0.00057
123.00000	-0.14000	0.00088
123.00000	-0.10000	0.00116
123.00000	-0.06000	0.00111
123.00000	-0.02000	0.00131
123.00000	0.02000	0.00134
123.00000	0.06000	0.00146
123.00000	0.10000	0.00158
123.00000	0.14000	0.00197
123.00000	0.18000	0.00237
123.00000	0.22000	0.00229
123.00000	0.26000	0.00241
123.00000	0.30000	0.00268
123.00000	0.34000	0.00256
123.00000	0.38000	0.00296
123.00000	0.42000	0.00315
123.00000	0.46000	0.00347
123.00000	0.50000	0.00365
123.00000	0.54000	0.00374
123.00000	0.58000	0.00413
123.00000	0.62000	0.00431
123.00000	0.66000	0.00459
123.00000	0.70000	0.00496
123.00000	0.74000	0.00472
123.00000	0.78000	0.00541
123.00000	0.82000	0.00564
123.00000	0.86000	0.00616
123.00000	0.90000	0.00677
123.00000	0.94000	0.00697
123.00000	0.98000	0.00757
125.00000	-0.98000	0.00000
125.00000	-0.94000	0.00000
125.00000	-0.90000	0.00000
125.00000	-0.86000	0.00000
125.00000	-0.82000	0.00000
125.00000	-0.78000	0.00002
125.00000	-0.74000	0.00000
125.00000	-0.70000	0.00000
125.00000	-0.66000	0.00000
125.00000	-0.62000	0.00002
125.00000	-0.58000	0.00003
125.00000	-0.54000	0.00000
125.00000	-0.50000	0.00004
125.00000	-0.46000	0.00002
125.00000	-0.42000	0.00003
125.00000	-0.38000	0.00004
125.00000	-0.34000	0.00003
125.00000	-0.30000	0.00003
125.00000	-0.26000	0.00007
125.00000	-0.22000	0.00007
125.00000	-0.18000	0.00007
125.00000	-0.14000	0.00010
125.00000	-0.10000	0.00011
125.00000	-0.06000	0.00011
125.00000	-0.02000	0.00010
125.00000	0.02000	0.00021
125.00000	0.06000	0.00018
125.00000	0.10000	0.00014
125.00000	0.14000	0.00027
125.00000	0.18000	0.00025
125.00000	0.22000	0.00023
125.00000	0.26000	0.00033
125.00000	0.30000	0.00034
125.00000	0.34000	0.00035
125.00000	0.38000	0.00049
125.00000	0.42000	0.00044
125.00000	0.46000	0.00038
125.00000	0.50000	0.00046
125.00000	0.54000	0.00052
125.00000	0.58000	0.00073
125.00000	0.62000	0.00063
125.00000	0.66000	0.00069
125.00000	0.70000	0.00069
125.00000	0.74000	0.00079
125.00000	0.78000	0.00078
125.00000	0.82000	0.00091
125.00000	0.86000	0.00098
125.00000	0.90000	0.00101
125.00000	0.94000	0.00121
125.00000	0.98000	0.00127
127.00000	-0.98000	0.00000
127.00000	-0.94000	0.00000
127.00000	-0.90000	0.00000
127.00000	-0.86000	0.00000
127.00000	-0.82000	0.00000
127.00000	-0.78000	0.00000
127.00000	-0.74000	0.00000
127.00000	-0.70000	0.00001
127.00000	-0.66000	0.00000
127.00000	-0.62000	0.00000
127.00000	-0.58000	0.00000
127.00000	-0.54000	0.00000
127.00000	-0.50000	0.00000
127.00000	-0.46000	0.00000
127.00000	-0.42000	0.00001
127.00000	-0.38000	0.00001
127.00000	-0.34000	0.00001
127.00000	-0.30000	0.00000
127.00000	-0.26000	0.00000
127.00000	-0.22000	0.00000
127.00000	-0.18000	0.00002
127.00000	-0.14000	0.00001
127.00000	-0.10000	0.00000
127.00000	-0.06000	0.00001
127.00000	-0.02000	0.00000
127.00000	0.02000	0.00000
127.00000	0.06000	0.00001
127.00000	0.10000	0.00001
127.00000	0.14000	0.00000
127.00000	0.18000	0.00000
127.00000	0.22000	0.00002
127.00000	0.26000	0.00005
127.00000	0.30000	0.00003
127.00000	0.34000	0.00003
127.00000	0.38000	0.00005
127.00000	0.42000	0.00004
127.00000	0.46000	0.00002
127.00000	0.50000	0.00004
127.00000	0.54000	0.00006
127.00000	0.58000	0.00008
127.00000	0.62000	0.00005
127.00000	0.66000	0.00005
127.00000	0.70000	0.00004
127.00000	0.74000	0.00007
127.00000	0.78000	0.00009
127.00000	0.82000	0.00008
127.00000	0.86000	0.00006
127.00000	0.90000	0.00010
127.00000	0.94000	0.00006
127.00000	0.98000	0.00008
129.00000	-0.98000	0.00000
129.00000	-0.94000	0.00000
129.00000	-0.90000	0.00000
129.00000	-0.86000	0.00000
129.00000	-0.82000	0.00000
129.00000	-0.78000	0.00000
129.00000	-0.74000	0.00000
129.00000	-0.70000	0.00000
129.00000	-0.66000	0.00000
129.00000	-0.62000	0.00000
129.00000	-0.58000	0.00000
129.00000	-0.54000	0.00000
129.00000	-0.50000	0.00000
129.00000	-0.46000	0.00000
129.00000	-0.42000	0.00000
129.00000	-0.38000	0.00000
129.00000	-0.34000	0.00000
129.00000	-0.30000	0.00000
129.00000	-0.26000	0.00000
129.00000	-0.22000	0.00000
129.00000	-0.18000	0.00000
129.00000	-0.14000	0.00000
129.00000	-0.10000	0.00000
129.00000	-0.06000	0.00000
129.00000	-0.02000	0.00000
129.00000	0.02000	0.00000
129.00000	0.06000	0.00000
129.00000	0.10000	0.00000
129.00000	0.14000	0.00000
129.00000	0.18000	0.00000
129.00000	0.22000	0.00000
129.00000	0.26000	0.00000
129.00000	0.30000	0.00000
129.00000	0.34000	0.00000
129.00000	0.38000	0.00000
129.00000	0.42000	0.00000
129.00000	0.46000	0.00000
129.00000	0.50000	0.00000
129.00000	0.54000	0.00000
129.00000	0.58000	0.00000
129.00000	0.62000	0.00000
129.00000	0.66000	0.00000
129.00000	0.70000	0.00001
129.00000	0.74000	0.00001
129.00000	0.78000	0.00001
129.00000	0.82000	0.00000
129.00000	0.86000	0.00001
129.00000	0.90000	0.00000
129.00000	0.94000	0.00000
129.00000	0.98000	0.00001
131.00000	-0.98000	0.00000
131.00000	-0.94000	0.00000
131.00000	-0.90000	0.00000
131.00000	-0.86000	0.00000
131.00000	-0.82000	0.00000
131.00000	-0.78000	0.00000
131.00000	-0.74000	0.00000
131.00000	-0.70000	0.00000
131.00000	-0.66000	0.00000
131.00000	-0.62000	0.00000
131.00000	-0.58000	0.00000
131.00000	-0.54000	0.00000
131.00000	-0.50000	0.00000
131.00000	-0.46000	0.00000
131.00000	-0.42000	0.00000
131.00000	-0.38000	0.00000
131.00000	-0.34000	0.00000
131.00000	-0.30000	0.00000
131.00000	-0.26000	0.00000
131.00000	-0.22000	0.00000
131.00000	-0.18000	0.00000
131.00000	-0.14000	0.00000
131.00000	-0.10000	0.00000
131.00000	-0.06000	0.00000
131.00000	-0.02000	0.00000
131.00000	0.02000	0.00000
131.00000	0.06000	0.00000
131.00000	0.10000	0.00000
131.00000	0.14000	0.00000
131.00000	0.18000	0.00000
131.00000	0.22000	0.00000
131.00000	0.26000	0.00000
131.00000	0.30000	0.00000
131.00000	0.34000	0.00000
131.00000	0.38000	0.00000
131.00000	0.42000	0.00000
131.00000	0.46000	0.00000
131.00000	0.50000	0.00000
131.00000	0.54000	0.00000
131.00000	0.58000	0.00000
131.00000	0.62000	0.00000
131.00000	0.66000	0.00000
131.00000	0.70000	0.00000
131.00000	0.74000	0.00000
131.00000	0.78000	0.00000
131.00000	0.82000	0.00000
131.00000	0.86000	0.00000
131.00000	0.90000	0.00000
131.00000	0.94000	0.00000
131.00000	0.98000	0.00000
